0	136	130	142	65.1	94.7	91.5	26.1	100	436	271	456	423	224	417	341	232	207	394	142	148
136	0	154	87.7	77.2	118	149	153	2227	330	165	350	317	302	494	419	335	174	361	199	275
130	154	0	189	127	51.7	86.9	146	235	471	306	491	458	204	404	329	345	272	459	216	283
142	87.7	189	0	88.8	152	184	162	236	296	131	316	283	336	530	453	331	86.9	274	197	283
65.1	77.2	127	88.8	0	89.5	119	85.3	158	381	216	402	368	271	465	388	264	159	346	130	206
94.7	118	51.7	152	89.5	0	47.4	76.5	186	435	271	455	421	199	393	316	309	237	424	174	247
91.5	149	86.9	184	119	47.4	0	67.6	131	466	301	486	453	160	352	277	315	267	455	151	179
26.1	153	146	162	85.3	76.5	67.6	0	88.1	461	291	477	443	200	393	317	258	227	414	97.7	141
100	2227	235	236	158	186	131	88.1	0	529	365	550	517	259	461	383	320	300	487	152	57.3
436	330	471	296	381	435	466	461	529	0	183	52.9	46.4	619	812	736	625	285	150	490	577
271	165	306	131	216	271	301	291	365	183	0	203	170	455	647	570	460	218	259	326	412
456	350	491	316	402	455	486	477	550	52.9	203	0	30.1	638	832	755	645	266	132	511	598
423	317	458	283	368	421	453	443	517	46.4	170	30.1	0	605	799	722	612	241	108	478	563
224	302	204	336	271	199	160	200	259	619	455	638	605	0	203	126	450	423	610	286	214
417	494	404	530	465	393	352	393	461	812	647	832	799	203	0	96	643	618	806	480	408
341	419	329	453	388	316	277	317	383	736	570	755	722	126	96	0	567	541	728	403	331
232	335	345	331	264	309	315	258	320	625	460	645	612	450	643	567	0	270	423	199	368
207	174	272	86.9	159	237	267	227	300	285	218	266	241	423	618	541	270	0	193	261	347
394	361	459	274	346	424	455	414	487	150	259	132	108	610	806	728	423	193	0	448	534
142	199	216	197	130	174	151	97.7	152	490	326	511	478	286	480	403	199	261	448	0	199
148	275	283	283	206	247	179	141	57.3	577	412	598	563	214	408	331	368	347	534	199	0
