0 376.9 303.9 347.8 225.1 325.2 270.1 91.6 274.9 188.1 292.6 13.3 318.3 24.1 107.6 70.7 147.4 270.2 265.4 67.4 362.8
376.9 0 50.6 252.5 160.1 393.6 251 162.1 393.5 62.3 32.4 109.4 203.2 33.5 219 209.2 232 12.3 202.4 109.2 383
303.9 50.6 0 47.5 13.9 376.1 212.5 326.9 99.6 265.3 243.1 51.6 339.7 355.5 72.3 300 188.3 318.1 133.7 220.6 380.8
347.8 252.5 47.5 0 332.1 137.9 97.8 193.7 64.2 267.8 27.4 227.4 335.6 262.5 38.9 17.6 166.3 17.4 293.9 187.9 397.6
225.1 160.1 13.9 332.1 0 296.7 306.2 323.8 102 18.6 103.4 280 401.5 321.5 230.5 365.2 99.7 73 54.7 191.9 11.8
325.2 393.6 376.1 137.9 296.7 0 92.5 376.4 19.2 245.5 379.2 25.3 393.2 82.2 184.3 382.3 126.8 192.6 237 336.6 54.8
270.1 251 212.5 97.8 306.2 92.5 0 18.9 407.4 20.3 300.5 287.4 377.2 121.2 85.3 193 172.7 40 159.7 250.8 298.7
91.6 162.1 326.9 193.7 323.8 376.4 18.9 0 245.3 347.5 107.6 373.2 31.7 50.5 340.6 217.9 264.9 314.2 198.8 321.1 166.8
274.9 393.5 99.6 64.2 102 19.2 407.4 245.3 0 207.6 51.3 117.8 29.1 242.6 267.8 142.3 295.5 385.8 156.4 269.9 377.9
188.1 62.3 265.3 267.8 18.6 245.5 20.3 347.5 207.6 0 156.5 316.4 39.5 260.4 71.8 167.6 72.5 227.1 317.2 76.3 305.6
292.6 32.4 243.1 27.4 103.4 379.2 300.5 107.6 51.3 156.5 0 366.9 304.4 148.6 252.1 254.1 71.1 154.8 222.8 132.1 382.4
13.3 109.4 51.6 227.4 280 25.3 287.4 373.2 117.8 316.4 366.9 0 117.5 307.1 309.8 16 230 324.5 358.2 180.5 49.3
318.3 203.2 339.7 335.6 401.5 393.2 377.2 31.7 29.1 39.5 304.4 117.5 0 235.4 400.6 331.2 78 37.8 393.3 323.1 81.1
24.1 33.5 355.5 262.5 321.5 82.2 121.2 50.5 242.6 260.4 148.6 307.1 235.4 0 73.5 211.8 130.7 401.8 364.3 224.5 365.8
107.6 219 72.3 38.9 230.5 184.3 85.3 340.6 267.8 71.8 252.1 309.8 400.6 73.5 0 134.5 213.8 262.5 58.3 200.6 94.8
70.7 209.2 300 17.6 365.2 382.3 193 217.9 142.3 167.6 254.1 16 331.2 211.8 134.5 0 311.2 95.2 78.5 162.5 17.9
147.4 232 188.3 166.3 99.7 126.8 172.7 264.9 295.5 72.5 71.1 230 78 130.7 213.8 311.2 0 92.8 34.3 279.7 20.4
270.2 12.3 318.1 17.4 73 192.6 40 314.2 385.8 227.1 154.8 324.5 37.8 401.8 262.5 95.2 92.8 0 130.3 171.6 152.7
265.4 202.4 133.7 293.9 54.7 237 159.7 198.8 156.4 317.2 222.8 358.2 393.3 364.3 58.3 78.5 34.3 130.3 0 171 130.3
67.4 109.2 220.6 187.9 191.9 336.6 250.8 321.1 269.9 76.3 132.1 180.5 323.1 224.5 200.6 162.5 279.7 171.6 171 0 288.3
362.8 383 380.8 397.6 11.8 54.8 298.7 166.8 377.9 305.6 382.4 49.3 81.1 365.8 94.8 17.9 20.4 152.7 130.3 288.3 0